1
5110100066
5110100109
5109100111
5109100134
5110100213
5110100201
5109100188
2
5110100061
5109100120
5109100121
5110100107
5110100155
5110100070
5110100021
3
5109100052
5110100709
5110100094
5109100123
5110100205
5109100132
5109100095
5109100079
5109100082
4
5111100064
5110100139
5111100023
5111100048
5110100169
5110100152
5109100063
5109100122
5110100144
5110100177
5
5111100122
5110100210
5109100030
5110100183
5110100159
5109100175
5109100049
5111100013
6
5110100218
5110100168
5110100065
5109100117
5109100084
5110100228
7
5109100127
5109100005
5110100063
5109100002
5109100089
5109100001
5109100083
5110100701
8
5109100076
5110100010
5110100003
5111100012
5110100032
5109100039