5109100111
5109100134
5110100066
5110100109
5109100122
5109100052
5109100095
5110100169
5110100061
5111100064
5109100150
5110100201
5109100017
5109100065
5109100128
5109100158
5109100205
5110100021
5110100086
5110100121
5110100130
5110100147
5109100201
5110100118
5110100144
5109100142
5110100205
5110100709
5109100058
5109100079
5110100006
5110100132
5109100120
5109100121
5111100023
5110100220
5110100703
5110100013
5110100182
5110100213
5109100049
5109100175
5110100159
5110100183
5110100065
5110100218
5111100013
5109100030
5110100210
5111100122
5109100021
5109100070
5109100135
5110100095
5110100207
5109100199
5110100097
5110100164
5110100228
5109100041
5110100012
5110100702
5110100135
5109100001
5109100083
5110100701
5109100002
5109100089
5109100005
5110100063
5109100127
5109100076
5110100010
5109100019
5109100170
5110100162
5109100011
5110100027
5109100006
5109100068